<?xml version="1.0"?>
<opencv_storage>
<C2F type_id="opencv-matrix">
  <rows>4</rows>
  <cols>4</cols>
  <dt>d</dt>
  <data>
    -9.9847715174357887e-01 -3.6952731255059448e-02
    -7.6563282693150169e-03 3.3881385994457403e+01
    7.9132862983225569e-02 -9.9854060021303970e-01
    8.0892052559905572e-02 3.3402257638828289e+01
    -1.0569816465507595e-02 8.6930864340422340e-02
    1.0006642928369396e+00 1.1726267298547434e+01
    -8.1877111192121415e-19 -6.9482408688702353e-18
    5.4959827754961957e-19 1.</data></C2F>
</opencv_storage>
