<?xml version="1.0"?>
<opencv_storage>
<cornersInBoard type_id="opencv-matrix">
  <rows>40</rows>
  <cols>3</cols>
  <dt>d</dt>
  <data>
    -8.5692701557470119e-01 -4.6614390368424768e-01
    4.9379676040643633e-01 2.4991404669539165e+01
    -2.7449333046477187e-01 -2.7740268320396577e-01
    5.0429311347532852e+01 -7.3376084477928136e-02
    -9.8873340683814137e-01 7.5382759675340353e+01
    5.7261783373270841e-02 4.0986165239351691e-01 1.0031343939081988e+02
    1.2296862273934329e-01 7.9869060210178655e-01 1.2503751783573450e+02
    2.2685198280480801e-01 1.9856353348240224e-01 1.4998613168684463e+02
    2.7826074771380549e-01 5.8562101560263558e-01 1.7464319152493709e+02
    3.5784021688106055e-01 -3.1424256891700703e-03
    -6.2890119652668697e-01 2.4843228386412168e+01
    -6.7212702935662796e-02 2.5267216540236532e+01
    2.4814247173651498e+01 -8.3205518159412362e-01
    5.0473934933886589e+01 2.4895811051749700e+01
    -4.8485894684154318e-01 7.5433342983865401e+01
    2.4942503070767682e+01 -9.9105001357030792e-02
    1.0026525306019022e+02 2.5057338495112305e+01 3.0125632841343375e-01
    1.2499317643552578e+02 2.5058037884314061e+01
    -2.9310973793250999e-01 1.4952648437613564e+02
    2.5122355723914051e+01 -8.6272827017163622e-01
    1.7477877476819037e+02 2.5280340546699833e+01 4.9013998339798831e-01
    -4.4192085475282711e-01 4.9994073526653210e+01
    -6.1255881228420850e-01 2.4998469611360260e+01
    5.0052543636150908e+01 7.1868199535058519e-01 5.0477033887933395e+01
    4.9858547207391354e+01 2.5500076651855615e-02 7.5446441215514511e+01
    4.9928033985269742e+01 4.0838878620499719e-01 1.0027991877916226e+02
    4.9908202738499284e+01 -2.0031717078783992e-01
    1.2488218813718773e+02 4.9815838148210929e+01
    -7.7054103971076282e-01 1.4995844258105694e+02
    5.0051369346818333e+01 6.0354771914264382e-01 1.7426620762013226e+02
    4.9909520799036066e+01 -9.3729218664152758e-01
    -6.1274797141342874e-01 7.5372669868412160e+01
    -1.0193599081979957e-01 2.4979351886722295e+01
    7.5131648411108031e+01 2.0812970047688478e-01 5.0330381633552307e+01
    7.5019869139232796e+01 5.4581802808550350e-01 7.5472017769114046e+01
    7.4974723487214831e+01 9.1027965777491771e-01 1.0029671788124671e+02
    7.4849891753635418e+01 3.0930645996270073e-01 1.2503043951073512e+02
    7.4763109177603980e+01 -2.8063791461857523e-01
    1.4985927627570990e+02 7.4844204650174291e+01 1.2229757354884879e-01
    1.7487583889393744e+02 7.5049357599154447e+01 4.8992414378548782e-01
    -7.2147559856804755e-01 1.0079648084302734e+02
    3.9677234219311142e-01 2.4880099855272189e+01 1.0029171446071634e+02
    -2.9558019529404983e-01 5.0253949269109555e+01
    1.0010122343157464e+02 4.3547250801835372e-02 7.5352691488695470e+01
    9.9733072810287851e+01 -5.8301013839494764e-01
    1.0029770819210471e+02 9.9699583727167877e+01
    -1.9024142902385796e-01 1.2512241199106167e+02
    9.9814053239600071e+01 2.1126672200475624e-01 1.5014157053806821e+02
    1.0000519522712909e+02 5.7939663732314783e-01 1.7453887639038035e+02
    9.9792040418425174e+01 -9.7032373496386737e-01</data></cornersInBoard>
</opencv_storage>
