<?xml version="1.0"?>
<opencv_storage>
<B2C type_id="opencv-matrix">
  <rows>4</rows>
  <cols>4</cols>
  <dt>d</dt>
  <data>
    -9.8807307570321212e-01 1.0119032859802167e-02
    1.4442626549380178e-01 1.0966821327209472e+02 3.0668924990154612e-03
    -9.9510124832391722e-01 6.0751192160598017e-02
    2.5469830458362896e+01 1.4495233735584076e-01 6.0000030517577241e-02
    9.8320171708154369e-01 2.9366668039957682e+02
    -8.6736173798840355e-19 -6.9388939039072284e-18 0.
    1.0000000000000002e+00</data></B2C>
</opencv_storage>
