<?xml version="1.0"?>
<opencv_storage>
<B2R type_id="opencv-matrix">
  <rows>4</rows>
  <cols>4</cols>
  <dt>d</dt>
  <data>
    1.5770840176316154e-02 -8.7569662448964664e-02
    9.9609086820896031e-01 9.8816128699176716e+01 9.9615110532258144e-01
    3.9564705108410411e-02 -8.1567364024078756e-03
    -1.3525237866377620e+02 -8.6222131525103635e-02
    9.9537238676198925e-01 8.7957091368356222e-02 6.6483685974804712e+02
    0. 0. 0. 1.</data></B2R>
</opencv_storage>
