<?xml version="1.0"?>
<opencv_storage>
<C2F_average type_id="opencv-matrix">
  <rows>4</rows>
  <cols>4</cols>
  <dt>d</dt>
  <data>
    -9.9696683472261527e-01 -1.8232314048006307e-02
    5.2830194174076240e-03 3.3250866746083226e+01 3.5795765075540352e-02
    -9.9466044500477668e-01 6.6469622442767634e-02
    3.6518108740979926e+01 1.1215343703388110e-03 6.8849855989311676e-02
    9.9625779442222862e-01 1.0729150012154486e+01
    -9.7260852089516202e-19 -6.8573171833991479e-18
    6.7639572607851053e-19 1.0000000000000002e+00</data></C2F_average>
</opencv_storage>
