<?xml version="1.0"?>
<opencv_storage>
<G2F_Ideal type_id="opencv-matrix">
  <rows>4</rows>
  <cols>4</cols>
  <dt>d</dt>
  <data>
    1. 0. 0. -3.1674012141777332e+00 0. 1. 0. 6.3043161210280836e+00 0.
    0. 1. 1.6084804882965264e+02 0. 0. 0. 1.</data></G2F_Ideal>
</opencv_storage>
